00000000000000000000100000100001
00010000111000000000000000001000
10001100011000100000000000000000
10001100101001000000000000000000
00000000010001000001000000011000
00000000001000100000100000100001
00100100011000110000000000000100
00100100101001010000000000000100
00100100111001111111111111111111
00001000000000000000000000000001
00000011111000000000000000001000
11111100000000000000000000000000
11111100000000000000000000000000
11111100000000000000000000000000
01111100000000000000000000000000
11111100000000000000000000000000
11111100000000000000000000000000
