00000000000000000000000000000000
11011011011011011011011011011011
11101110111011101110111011101110
00000000000000000000000000000000
11110000111100001111000011110000
00000000000000000000000000100100
11111011111011111011111011111011
00000000000000000000000000001001
11111111100111111100111111001111
11111111100111111100111111001111
11111111100111111100111111001111
11111111100111111100111111001111
11111111100111111100111111001111
11111111100111111100111111001111
11111111100111111100111111001111
11111111100111111100111111001111
11111111100111111100111111001111
11111111100111111100111111001111
11111111100111111100111111001111
11111111100111111100111111001111
11111111100111111100111111001111
11111111100111111100111111001111
11111111100111111100111111001111
11111111100111111100111111001111
11111111100111111100111111001111
11111111100111111100111111001111
11111111100111111100111111001111
11111111100111111100111111001111
11111111100111111100111111001111
11111111100111111100111111001111
11111111100111111100111111001111
00000000000000000000000000111000
